Please Enter a beggining temperature value
If you dare: 
Please Enter a ending teperature value
If you must: 
Please Enter a Increment value
Only if you want to: 

Celsius          Fahrenheit

-10.80       |       -36.80
-10.30       |       -36.30
 -9.80       |       -35.80
 -9.30       |       -35.30
 -8.80       |       -34.80
 -8.30       |       -34.30
 -7.80       |       -33.80
 -7.30       |       -33.30
 -6.80       |       -32.80
 -6.30       |       -32.30
 -5.80       |       -31.80
 -5.30       |       -31.30
 -4.80       |       -30.80
 -4.30       |       -30.30
 -3.80       |       -29.80
 -3.30       |       -29.30
 -2.80       |       -28.80
 -2.30       |       -28.30
 -1.80       |       -27.80
 -1.30       |       -27.30
 -0.80       |       -26.80
 -0.30       |       -26.30
  0.20       |       -25.80
  0.70       |       -25.30
  1.20       |       -24.80
  1.70       |       -24.30
  2.20       |       -23.80
  2.70       |       -23.30
  3.20       |       -22.80
  3.70       |       -22.30
  4.20       |       -21.80
  4.70       |       -21.30
  5.20       |       -20.80
  5.70       |       -20.30
  6.20       |       -19.80
  6.70       |       -19.30
  7.20       |       -18.80
  7.70       |       -18.30
  8.20       |       -17.80
  8.70       |       -17.30
  9.20       |       -16.80
  9.70       |       -16.30
 10.20       |       -15.80
 10.70       |       -15.30
